32.7880283 30.9171518
32.7814265 31.0448409
32.5997129 30.5280562
32.744508 30.2955763
32.7266559 30.6184805
32.7535971 30.9973646
32.6903994 30.2754903
33.0214196 30.1443695
32.820714 30.2066277
32.7982495 30.2124397
32.582037 30.2793529
32.7215602 30.7170561
32.8442793 30.1924858
32.7849002 30.1885105
32.6966118 30.9496408
32.9344586 30.1810638
32.8583989 30.9863694
32.9852417 30.1877555
32.5950012 30.27132
32.7526104 30.7437009
32.5799318 30.7146627
32.7398427 30.7133013
32.607415 30.2706868
32.7108383 31.0218971
32.9346477 30.8062238
32.7736451 31.0051849
32.7395689 30.2576273
32.7337251 30.6996088
32.6633074 30.6401674
32.9185595 30.2033881
32.5796612 30.7095194
32.5811313 30.0828111
32.6182744 30.3192533
32.6757741 30.560634
32.5932933 30.1591963
32.6167144 30.1552076
32.6504441 30.2791134
32.5993146 30.2460993
32.6189455 30.1884682
32.60567 30.0969386
32.5928642 30.1542944
32.5858417 30.2755917
32.5978815 30.1288701
32.6212757 30.692237
32.6217418 30.6969327
32.930156 30.1412486
32.6203969 30.2654046
32.5801025 30.5106808
32.7495356 30.7107677
32.6210941 30.5625609
32.8910516 30.1260001
33.0469588 30.1990242
32.9358664 30.0988888
32.7765981 30.6698277
32.9000654 30.9980322
32.7006108 30.4103052
32.6853858 30.5864931
32.6252343 30.4636027
32.6261213 30.6091708
32.7558321 30.7550392
32.8614342 30.9970062
33.1272375 30.1051644
32.7438923 31.0494447
32.8986453 31.0013918
32.636451 30.5782671
32.7240212 30.7069249
32.6097356 30.5485344
32.6623831 30.630516
32.7450714 30.3820603
32.7538592 30.8681316
32.7782214 31.0063225
32.6730514 30.7752254
32.6128913 30.8522788
32.6516101 30.0989899
32.6935486 30.3087142
32.9210665 30.9024494
32.9003542 30.2292446
32.8136124 30.9968931
32.7122715 30.7047001
32.63523 30.6976048
32.9064391 31.0173263
32.936229 30.7603504
32.7625712 31.0136094
32.8961406 30.108519
32.8984848 30.2171153
32.6506671 30.2683873
32.7559548 30.6833633
32.6200809 30.4944217
32.7540227 30.6513445
32.6771953 31.0322161
32.6173478 30.2791713
32.7579323 30.3568297
32.7982371 31.0302551
32.7551921 30.7122714
32.8781875 31.0222011
32.675579 30.7436918
32.8326699 31.0232023
32.7745876 30.7022417
32.7469073 30.7061679
32.5996035 30.3594483
32.616711 30.5736007
32.6346422 30.7014407
32.5822006 30.7392685
32.6184599 30.464602
32.6225786 30.9169391
32.9376514 31.0217052
32.722638 30.833782
32.8565032 31.0382341
32.7501891 31.0080843
32.8653365 31.0098568
32.8290688 31.0317177
32.8290666 30.2092342
32.9344321 30.2188094
32.9951557 30.1349881
33.0199973 30.122837
33.0419149 30.1226697
32.8145995 30.1227894
32.9405115 30.1233975
32.8473436 30.1237349
32.8659174 30.1239642
32.8187562 30.1246178
32.8047453 30.1243932
32.9447462 30.1238597
32.8677483 30.1244724
32.8998586 30.1247462
33.1829565 30.7087133
32.8074892 30.2076097
32.9294282 30.2092449
32.9748867 30.1229159
33.0152559 30.1234308
33.0274874 30.1444815
32.8222728 30.1231958
32.8746686 30.2068852
33.0246462 30.2090222
32.9440141 30.2115488
33.0371882 30.2104339
32.9026765 30.21118
32.9152091 30.1382899
32.8944363 30.2101293
32.9242341 30.2131381
32.7953532 30.1342138
33.3432737 30.2671449
32.920373 30.2149124
32.8415285 30.1252559
33.3157902 30.6195607
33.1886196 30.1720899
32.9518416 30.1235979
32.9892973 30.4052291
32.9962476 30.2096066
32.8192107 30.2118878
32.8825232 30.2139504
32.8841914 30.2147657
32.6837135 30.2435582
32.8306897 30.2141342
32.8127478 30.2119113
32.7912499 30.144507
32.94127 30.1225024
32.6062709 30.8130941
32.7238352 30.3101025
33.1231871 30.1670223
32.7210043 30.5846181
32.7360612 30.5286005
32.7078711 30.7410759
32.8469925 30.1138404
32.632454 30.5288555
32.6091411 31.0430778
32.6684904 31.0244202
32.7428012 30.9498783
32.875245 30.1094462
32.7299048 30.7172617
32.9319445 30.1092229
32.7766535 30.7167501
32.8030697 30.9488659
32.7317239 30.7149228
32.7852037 30.7150848
33.0430504 30.1074499
32.6349898 31.0200509
32.5834458 31.0264666
32.6475472 30.9965315
32.9621662 30.1638571
32.7339959 30.7398871
32.6177873 30.7496951
32.9826843 30.1419061
32.5908078 31.0142913
32.7170783 30.7498296
32.8974059 30.1952766
32.9291654 30.9529281
32.6275714 30.7395323
32.7003149 30.7424528
32.6472718 30.3299451
32.7965646 30.1960048
32.735318 30.4945275
32.6625713 30.5140337
32.8159903 30.1158285
32.9845183 30.1157521
32.8773397 30.9462339
32.6280512 30.5154724
32.6829472 30.6550749
32.5880742 30.7054181
32.6302799 30.7186547
32.734311 30.7079221
32.7560886 30.6382518
32.7539409 30.7263638
32.7793925 30.7074057
32.7512999 30.6550322
32.7024611 30.7141889
32.6146967 30.7435767
32.6936434 30.7158944
32.5798662 30.7152267
32.6279681 30.7156083
32.6945908 30.5228917
32.6133594 30.5198506
32.5804307 30.7154307
32.8864855 30.1123869
32.7438265 30.9488626
32.904886 30.1117699
32.7916978 30.9569267
32.932183 30.1590246
32.8107567 30.9465905
32.9222754 30.1921765
33.0274744 30.1918042
32.9444035 30.1915372
32.8225266 30.1922159
32.6516648 30.5065603
32.622811 31.0017475
32.6591165 31.0188167
32.6546612 31.0235899
32.6776323 31.0275855
33.1636087 30.2346723
32.635283 30.6534923
32.6448729 30.2745258
32.7018962 30.447516
32.6711581 30.7344399
32.7055751 30.5901965
32.8665301 30.1796869
32.9597875 30.1801976
32.7170294 30.9098629
33.1417659 30.2194947
32.8956649 30.9105685
32.6236156 30.2685035
32.804776 30.1791033
32.6576848 30.3574789
32.593654 30.3225869
32.6396816 30.8897673
32.6470798 30.2666585
32.6432797 30.3717579
32.8037023 30.889752
32.5962124 30.304279
32.809449 30.9093841
32.6283186 30.3068639
32.6395701 30.3789881
32.6467797 30.2674194
33.0422 30.1751641
32.944807 30.9846419
32.7047641 30.4256278
32.6672375 30.2674716
32.6467914 30.2681084
32.7783076 30.6349134
32.7178026 30.611499
32.7166279 30.6207087
32.6411386 30.6104557
32.6460631 30.5901295
32.6516035 30.5952752
32.6177695 30.938853
32.6244035 30.2746161
32.6568793 30.4253894
32.5886238 30.6129848
32.8194865 30.1824519
32.6629914 30.7155174
32.9508597 30.1837619
32.7225153 30.7138614
32.7400797 30.7482227
33.0127399 30.1871035
32.6356801 30.461724
32.790269 30.9828083
32.6387582 30.3630499
32.702125 30.367774
32.7145913 30.4754058
32.5929341 30.89011
32.6422453 30.3912046
32.5940911 30.5973079
32.861928 30.1759382
32.6021109 30.2949705
32.7773356 30.7409983
32.7027884 30.4277254
32.7805446 30.6533688
32.6343263 30.6174948
32.7322429 30.7145059
32.7721039 30.9577238
32.8016135 30.9865231
32.9049759 30.9462199
32.9364686 30.9460329
32.7093913 30.7142891
32.7005014 30.7459886
32.7058988 30.9596617
32.73962 30.7169326
32.875669 30.9862594
32.7769472 30.7124247
32.9024144 30.1727149
32.7352603 30.7469265
32.6036635 30.2670937
32.6932699 30.3554437
32.7671789 30.7107665
32.6883818 30.7125164
32.7801728 30.7499123
32.7434993 30.2814334
32.7759612 30.4110294
32.6508916 30.74042
32.6609166 30.7437762
32.8646124 30.1958906
32.8167011 30.106751
32.6454085 30.7430376
32.7327259 30.714625
32.5802689 30.2606482
32.5819524 30.7457508
32.8360557 30.1135533
32.7171568 30.7438093
32.9220878 30.1143577
33.0091027 30.1767543
32.785333 30.9108535
32.5815663 31.0332442
32.6307176 31.0272919
32.7422592 30.5701433
32.661958 31.0125646
32.8414637 30.9440466
32.6236197 30.5693672
32.6392008 30.7449402
32.689504 30.7147854
32.6406403 30.5258265
32.5854225 30.7151489
32.6441753 30.715057
32.6148614 30.7152988
32.7911893 30.9464949
32.7409904 30.637337
32.6596425 30.2700526
32.7298614 30.7137136
32.6379793 30.7058021
32.6886891 30.5687599
32.6399559 30.5687201
32.9356921 30.9883907
32.9212481 30.9226411
33.0168929 30.1648214
32.6116871 30.50998
32.7670522 30.9230382
32.8562139 30.9551586
32.7377457 30.324364
32.893748 30.953836
32.8627478 30.1942246
32.8642269 30.9158309
33.0110116 30.2075338
32.5822701 30.3439519
32.7554203 30.5799369
32.6240839 30.7447607
32.6689565 30.2590479
32.7824838 30.7140714
32.7160782 30.5773358
32.7410399 30.2853322
32.7364561 30.7433938
32.6964447 30.5486968
32.583611 30.7431088
32.7322922 30.7413469
32.9338972 30.2072147
32.8838643 30.2081909
33.0150043 30.1960907
32.6774961 30.1297147
32.5826482 30.761235
32.9106081 30.9898603
32.9563077 31.0241216
32.6323523 30.6149393
32.8370885 30.7997608
32.8045147 31.0454371
32.9283373 30.1425011
32.6615135 30.6223046
32.6678694 30.5150044
32.8833852 30.7649215
32.8568188 30.7543067
32.840797 30.0788757
32.7772606 31.0224803
33.1664553 30.1080643
32.6996869 30.6022172
32.8628328 31.0303047
32.6124091 30.5376568
32.9422934 30.0986389
32.6257707 30.6211944
32.8733818 31.0343372
32.8765446 31.035279
32.8585606 30.1040982
32.893841 31.0014771
32.9115959 31.0348813
32.944262 31.0025432
32.8311002 31.0055925
32.9114577 31.0059728
32.7440361 30.1309112
32.8708327 30.9866243
32.6332632 30.7733764
32.9293319 30.1055109
32.7399212 30.6134251
32.6771808 30.617476
33.1034398 30.0977879
32.6234831 30.8479215
32.6620363 30.0909305
32.6819895 30.1341598
33.0492442 30.0940229
32.7099372 31.0075597
33.162291 30.4557325
33.128218 30.0968958
32.7171404 30.6172699
32.9382412 30.1053547
32.7343326 30.7849382
32.8984923 30.105484
32.6524351 30.7878564
32.7699779 30.7946549
32.8602214 31.0344535
33.3642477 30.4451733
32.7547216 30.5342174
32.7210515 30.5341378
32.6206571 30.5338141
33.0221146 30.1076323
32.7691144 30.7841254
32.7844562 30.6117292
32.662713 30.6130148
32.7946052 30.7807947
32.77578 30.6097169
32.7169795 31.0080945
32.6414704 30.5375261
32.688564 30.7974856
32.8566273 31.0232065
32.7403294 30.5379646
32.932884 30.0999892
32.6684365 30.5380721
32.7477488 30.5384078
32.842298 31.0222257
32.6885216 30.8537757
32.8401545 30.2610014
32.8147267 31.0215782
32.6443555 30.8652926
33.1954739 30.3783567
32.8257862 30.2311105
32.8448542 30.2314394
32.6822464 30.1105178
32.6513912 30.7532141
32.7023742 30.6681087
32.7394703 31.0492314
32.7278026 31.0242942
32.6418818 30.5322319
32.8608349 30.2364403
32.9455413 30.1490178
32.8982492 31.043978
33.0609889 30.1383704
32.6398999 30.6673466
32.7163226 30.6988617
32.7049459 30.4815477
33.2316591 30.3472721
32.8477209 30.2346162
32.7773723 30.6640741
32.7624728 30.6308742
32.6159166 30.5330601
33.0420548 30.2315324
32.8006392 30.9955598
32.6143211 30.6645687
32.7669315 30.2572948
32.705942 30.2503488
32.8559124 30.2295145
32.7854239 30.7122035
32.7596742 30.9961692
32.6962371 30.5690652
32.6490885 30.7116288
32.587971 30.6605011
32.7109875 30.6510985
32.7021609 30.4858337
32.7560664 30.4826178
32.7786588 30.661884
32.6709101 30.7417517
32.6824524 30.7040009
32.6805294 30.6998403
32.903518 31.0451913
32.7963226 30.9962667
32.8173074 31.0505222
32.6864107 30.936359
32.6815751 30.7411224
32.8462034 31.0003645
32.9010153 31.0005851
32.7165322 31.0354314
32.884203 30.2339712
32.812808 30.2323699
32.6810079 30.6600074
32.995432 30.2372029
32.7375139 30.2555371
32.9113607 31.0427676
32.7369164 31.0474947
33.0413922 30.2352732
32.6590237 30.7532312
32.6922308 30.9834396
32.8565614 31.002079
32.7445397 30.5092982
32.7456171 30.7645615
32.8201219 30.8272933
32.721465 30.5062571
32.6375119 30.7598754
32.7924087 30.8499559
32.8661005 30.8319651
32.6989498 31.0016665
32.7754525 31.0008319
32.7931195 31.0011569
32.8237892 30.1493543
32.7088155 30.5100549
32.7386015 31.0239726
32.8203933 30.9382249
32.7962686 30.9967516
32.7093449 30.6684406
32.7453875 30.9998639
32.6740981 30.6609845
32.8245876 30.2054979
32.933738 30.8207596
32.6993289 30.710545
32.7820267 30.5892489
32.6168879 30.6472592
32.5875077 30.6468379
32.6406597 30.5311785
32.9981409 30.2053202
32.6870136 30.5315453
32.7847156 30.7092467
32.7715922 30.5859124
32.7400828 30.7106627
32.7865894 30.6504616
32.6039116 30.2768109
32.8606449 30.8578031
32.6774315 30.9892998
32.5920885 30.6469491
32.7727592 30.7082287
32.6962247 30.3926317
32.6583293 30.7091464
32.7373358 30.4045853
32.5965201 30.6393113
32.662766 30.7070918
32.7694363 30.35154
32.9659035 30.1173912
32.7610859 30.3677434
32.7322101 30.5163268
32.622056 30.6367675
32.7735711 30.9339062
32.618524 30.0669666
32.7336098 30.5225285
32.7216374 30.7079388
32.6144623 30.6021486
32.631721 30.7087479
32.7522266 30.6376046
32.6134809 30.622839
32.7290141 30.5467164
32.7517086 30.4686759
32.6971102 30.4744327
32.7488287 30.5211939
32.7172184 30.637054
32.6281958 30.6375064
32.6665188 30.5592166
32.7547267 30.6385961
32.5800013 30.5301855
32.653823 30.6430817
32.737346 30.3789542
32.6648746 30.7196136
32.7837814 30.0973454
32.6877653 30.9983234
32.6979589 30.2967311
32.6574328 30.6582585
32.9145465 30.1279847
32.5929681 30.7066825
32.6980289 30.3437436
32.7026542 30.6735312
32.6970401 30.3461492
32.6614602 30.660546
32.7385028 30.3585469
32.57961 30.478293
32.6010759 30.4713779
32.6538672 30.578839
32.7109282 30.6334526
32.7704698 30.3722348
32.7464825 30.6335453
32.7086491 30.6338616
32.7718492 30.3991036
32.6225117 30.4004562
32.8041911 30.1169478
32.6180716 30.5295371
32.6592364 30.6656387
32.7485404 31.0236916
32.9279892 31.042141
32.9461725 31.0294311
32.674149 30.3236194
32.7838101 30.2649255
33.3135875 30.3525236
32.7708636 31.0319162
32.8373437 30.1043973
32.9181088 30.7899385
32.826951 30.8318734
32.9336554 30.7858246
32.739716 30.6096781
32.7283208 30.8188674
32.9462408 30.8229786
32.9284057 31.0028646
32.7603033 30.3933414
32.79583 30.119065
32.7724395 30.6501351
32.637462 30.6510988
32.673954 30.7107082
32.8538648 30.1191147
32.6301926 30.7325317
32.7003994 30.7121585
32.6823315 30.7039063
32.8101412 31.0016885
32.6871868 30.5859564
32.5865002 30.5878425
32.6176689 30.4303739
32.6099502 30.1019299
32.5895974 30.2608433
32.5855519 30.1573482
32.5860031 30.1589983
32.6630675 30.6767924
32.5961589 30.1079529
32.6380001 30.262009
32.6694819 30.2639265
32.6603383 30.676946
32.8468964 30.1164401
32.7114174 30.5422007
32.6074132 30.0540407
32.6902633 30.262177
32.6690334 30.2611623
32.6097948 30.0794915
32.5794199 30.2599773
32.6169371 30.2909044
32.6399349 30.2637903
32.7779931 30.3576169
32.6086976 30.3745846
32.9488815 30.9777959
32.7680078 30.42278
32.7616242 30.3636263
32.7702299 30.368104
32.6841946 30.6775668
32.6501398 30.2639428
32.7334818 30.5604202
33.0297972 30.1164851
32.624494 30.264733
32.6201522 30.2350909
32.6098014 30.0862436
32.5958669 30.6699399
32.6436176 30.5469293
32.6108845 30.1596737
32.6990309 30.4395052
32.7618293 30.4342743
32.9081851 30.8389189
32.5891764 30.1192474
32.5905434 30.0748979
32.5987413 30.1469455
32.5991694 30.1476125
32.832253 30.8461191
32.597863 30.1991246
32.8836946 30.844301
32.6000715 30.1709245
32.9542732 30.1157616
32.5911467 30.2348984
32.5977036 30.2270989
32.7332548 30.4231499
32.6430628 30.6692573
32.8421958 30.9132339
32.5902449 30.2092322
32.8638805 30.9243843
32.882149 30.9242421
32.5913461 30.2177069
32.8681618 30.9134435
32.5976448 30.2041534
32.9078721 30.9715735
32.6069246 30.176812
32.5900783 30.1724125
32.7746051 30.6691989
33.0985707 30.1712754
32.6221991 30.2593144
32.7013008 30.6758359
32.7284688 30.4389906
32.9336634 30.1167552
32.6064609 30.0778245
32.6063122 30.0793112
32.9332233 30.1153859
32.5868173 30.1399612
32.6552066 30.6750007
32.9446454 30.8363027
32.6381159 30.2749238
32.5839506 30.1445417
32.7972871 30.9917912
32.9313019 30.8388802
32.6027658 30.135688
32.6673632 30.4409474
32.6111083 30.1674139
32.6151008 30.0695366
32.7218479 30.43874
32.8572845 30.9752632
32.5871612 30.2261153
32.7743605 30.4427107
32.7308507 30.5471854
32.6165671 30.2071475
32.5875192 30.1380791
32.5907177 30.1553659
32.6098879 30.071126
32.645243 30.6909557
32.6086063 30.2603562
32.5974882 30.2352958
32.5889487 30.1668108
32.6421021 30.4257032
32.6147598 30.2476298
32.5968402 30.2627787
32.635437 30.2639028
32.7805912 30.3695348
32.7039885 30.6321243
32.6261843 30.3835897
32.7652472 30.3723543
32.642615 30.3710773
32.6136533 30.235317
32.6773141 30.4429529
32.6621279 30.2626739
32.7616937 30.1635434
32.6678266 30.3207428
32.6697356 30.5924228
32.594822 30.2641281
32.6690764 30.2801853
32.594898 30.1607584
32.7127043 30.4530891
32.6762392 30.4448784
32.6064675 30.2025652
32.6170309 30.1961608
32.6038725 30.3254175
32.680188 30.2612798
32.684269 30.2632579
32.7194624 30.4500163
32.6243573 30.2638481
32.6140932 30.2634916
32.7695635 30.6700111
32.6847805 30.6694926
32.9364736 30.8688945
32.5975697 30.2586071
32.9360207 30.9202248
32.916757 30.8762517
32.8985579 30.9201304
32.6146596 30.1833221
32.6115041 30.6876223
32.6181797 30.179187
32.7096013 30.676125
32.9784697 30.1163682
32.5793772 30.1978576
32.6032258 30.1877066
32.7872683 30.9718638
32.6025955 30.1921613
32.9308746 30.1911392
32.9794396 30.1875278
32.5894657 30.9660809
32.6087125 30.9701071
33.0397594 30.1911792
32.6131482 30.1801637
32.8560479 30.2118931
32.5944331 30.0829918
32.6769012 30.5473505
32.6023512 30.258975
32.9542535 30.188432
32.7859886 30.6829939
32.7691077 30.9220726
32.6163519 30.0807397
32.6798335 30.9597389
32.6050958 30.9489942
32.604301 30.1467135
32.5955718 30.1211818
32.5849263 30.9454003
32.6117821 30.95385
32.5923193 30.2379043
32.8781446 30.8824305
32.5813545 30.1169586
32.6152874 30.1056029
32.646444 30.274371
32.6144207 30.1171792
32.5948846 30.1180432
32.7074053 30.5452875
32.589156 30.2747471
32.6690229 30.9374411
32.9326374 30.1758431
32.6046908 30.1210516
32.6057825 30.9362881
32.6109438 30.9385853
32.5823413 30.1308685
32.6674311 30.9380041
32.5840253 30.9577057
32.5886443 30.2757561
32.6558707 30.2747057
32.6636418 30.9499445
32.8291437 30.8829847
32.6395614 30.6749877
32.5912345 30.1060709
32.6002384 30.1103812
32.5886475 30.0980425
32.6061418 30.1121383
32.7778117 30.5388886
32.7492456 30.5392567
32.6036754 30.1252844
32.6375126 30.2743534
32.6987785 30.4607593
32.5865645 30.7063511
32.7856686 30.3853527
32.6872643 30.2642219
32.6181526 30.6583792
32.6684926 30.5687509
32.7567945 30.6780666
32.6575038 30.440903
32.835108 30.143698
33.0031141 30.1168839
32.5841025 30.2659181
32.6886893 30.2655833
32.7621404 30.2861777
32.6999968 30.3035575
32.71781 30.5572015
32.5877971 30.5571469
32.7155955 30.3257662
32.6358584 30.7392798
32.6590586 30.6791642
32.7023297 30.6792791
32.7501856 30.6905275
32.6780192 30.4630146
32.7368094 30.739656
32.6052853 30.5572463
32.608424 30.5567984
32.5847846 30.2655965
32.7190916 30.659278
32.6876671 30.2779466
32.6688282 30.4633832
32.6311059 30.2658403
33.0298502 30.2185689
32.6841982 30.4988541
32.6945077 30.6321984
32.6089628 30.97534
32.6074389 30.2594777
32.6378388 30.260815
32.5938985 30.2129454
32.8907033 30.843907
32.9200167 30.8469394
32.599474 30.2609737
32.739077 30.4305478
32.8246565 30.1168796
32.7283431 30.4487649
32.6897555 30.480286
32.6877751 30.657253
32.7822328 30.2623097
32.7583607 30.7398482
32.6078942 30.2250468
32.7397769 30.9140358
32.7263192 30.5781156
32.5978931 30.3282629
32.7164115 30.2658794
32.9173472 30.0693651
32.7881487 30.0970217
32.9180096 30.0702784
32.8001232 31.0369862
32.7445534 30.7393697
32.7200043 30.7208414
32.6277646 30.5088268
32.7033459 30.7295515
32.7134608 31.0050706
32.7123105 30.5048895
32.9159895 30.0660193
32.7599191 30.7680307
32.7234105 30.5116834
32.7380961 30.776237
32.5885907 30.2785108
32.586925 30.2654279
32.6860956 30.5463284
32.9432054 30.8484406
32.6321383 30.2655679
32.9289268 30.1477869
33.0266824 30.1417121
32.8870459 30.141458
32.8663264 31.0066725
32.7038471 30.4616195
32.9912651 30.0602261
32.8148399 30.1679027
32.6946445 30.6179188
32.8693495 31.0091542
32.9512512 30.1395716
32.7326379 31.0076236
32.9009927 30.7821323
32.7846147 30.129907
32.6783923 30.3942499
33.0458222 30.2032745
32.7739011 30.7746621
32.5853047 30.6071405
32.7387944 30.1213676
32.7059903 30.7672888
32.9490951 31.0003976
32.688038 30.7737119
32.7860257 30.7750009
32.7514843 30.7733133
32.67591 30.5125199
32.7182157 30.7689313
32.8913598 30.1044875
32.8033009 30.7766715
32.6024985 30.7771927
32.793185 30.7780235
32.6653206 30.7736191
32.7495062 30.7849296
32.6853142 30.7747551
32.689863 30.7809843
32.6893114 30.6105447
32.7430441 30.6032833
32.7318663 30.5052065
32.7187505 30.8015412
32.648064 30.5547861
32.6672319 30.554996
32.7038234 30.5555403
32.767582 31.0480665
32.5964311 30.5557953
32.7842712 30.2621924
32.6936403 30.7119412
32.9366491 31.0035874
32.7019452 30.7445608
32.7964145 30.1268673
32.8836515 30.8505391
32.7432277 30.7405211
32.7208496 30.3634213
32.93846 30.2009356
32.6362335 30.63352
32.9728262 30.2002596
32.7070682 30.2938427
32.7317804 30.2759497
32.6082032 30.6225855
32.6273406 30.6213191
32.6604828 30.657658
33.0462171 30.1266897
32.7777154 30.7066678
33.0206716 30.127326
32.6815327 30.865949
32.6359845 30.7404071
32.7503532 30.4474653
32.6726486 30.2202735
33.0459167 30.1257347
33.0193544 30.1264652
32.7147959 30.7451803
32.9301207 30.1990438
32.9078568 30.8517973
32.7710793 30.3723333
32.6074674 30.5660791
32.7380552 30.0669645
32.6671552 30.6816522
32.7529958 30.6029793
32.8627266 31.0341664
32.8155898 30.1192504
32.9067995 30.9999654
32.6914172 30.6137416
32.750011 30.4067264
32.6575925 30.7104714
32.6091027 30.578008
32.7210361 30.7109801
32.7618917 30.5943669
32.6046611 30.3954242
32.618187 30.6893439
32.7740527 30.7434107
32.7402389 30.4001552
32.6181604 30.3964391
32.7225074 30.6483392
32.7799463 30.7085835
32.7971653 30.1441935
32.7694054 30.5249904
32.9241647 30.124581
33.0009629 30.1172534
32.652993 30.558417
32.7033295 30.3791006
32.7034558 30.9339502
32.7408978 30.527966
32.814769 30.1193585
32.6420155 30.4421591
32.6832622 30.4524174
32.6766962 30.5522544
32.8856087 30.1258298
32.6043684 30.0728359
32.5973455 30.2817008
32.7652675 30.7473361
32.5813559 30.6554358
32.7074277 30.4419284
32.7288053 30.4417479
33.0354106 30.1959102
32.8077054 30.1953324
32.7406143 30.4283088
32.6571745 30.6562129
32.6259994 30.7440857
32.6710632 30.2771636
32.7408013 30.5729858
32.6524449 30.2836184
32.6840637 30.530332
32.5837168 30.6652061
32.6166804 30.5737294
32.689944 30.2160141
33.0121423 30.1954804
32.6997417 30.9608369
32.6926344 30.2506191
32.6743823 30.7398266
32.6786924 30.1317459
32.8723849 30.1272212
32.9073647 30.1408746
32.8458 30.7602042
32.6038711 30.685746
