0.0
0.004545454545454545
0.004545454545454545
0.01818181818181818
0.01818181818181818
0.02727272727272727
0.02727272727272727
0.031818181818181815
0.031818181818181815
0.045454545454545456
0.045454545454545456
0.05454545454545454
0.05454545454545454
0.06818181818181818
0.06818181818181818
0.07272727272727272
0.07272727272727272
0.09090909090909091
0.09090909090909091
0.10909090909090909
0.10909090909090909
0.14545454545454545
0.14545454545454545
0.21818181818181817
0.21818181818181817
0.38636363636363635
0.38636363636363635
0.4090909090909091
0.4090909090909091
0.4727272727272727
0.4727272727272727
1.0
