0.0
0.0
0.0
0.0008103727714748784
0.0008103727714748784
0.0016207455429497568
0.0016207455429497568
0.0024311183144246355
0.0024311183144246355
0.004051863857374392
0.004051863857374392
0.004862236628849271
0.004862236628849271
0.005672609400324149
0.005672609400324149
0.006482982171799027
0.006482982171799027
0.007293354943273906
0.007293354943273906
0.008103727714748784
0.008103727714748784
0.008914100486223663
0.008914100486223663
0.01053484602917342
0.01053484602917342
0.011345218800648298
0.011345218800648298
0.012155591572123177
0.012155591572123177
0.012965964343598054
0.012965964343598054
0.014586709886547812
0.014586709886547812
0.01539708265802269
0.01539708265802269
0.01620745542949757
0.01620745542949757
0.017828200972447326
0.017828200972447326
0.018638573743922204
0.018638573743922204
0.019448946515397084
0.019448946515397084
0.02106969205834684
0.02106969205834684
0.02188006482982172
0.02188006482982172
0.023500810372771474
0.023500810372771474
0.024311183144246355
0.024311183144246355
0.02593192868719611
0.02593192868719611
0.02674230145867099
0.02674230145867099
0.027552674230145867
0.027552674230145867
0.028363047001620744
0.028363047001620744
0.029173419773095625
0.029173419773095625
0.03241491085899514
0.03241491085899514
0.03322528363047002
0.03322528363047002
0.03403565640194489
0.03403565640194489
0.03565640194489465
0.03565640194489465
0.03646677471636953
0.03727714748784441
0.03727714748784441
0.03889789303079417
0.03889789303079417
0.03970826580226904
0.03970826580226904
0.04051863857374392
0.04051863857374392
0.041329011345218804
0.041329011345218804
0.04213938411669368
0.04213938411669368
0.04457050243111831
0.04457050243111831
0.04538087520259319
0.04538087520259319
0.046191247974068074
0.046191247974068074
0.04781199351701783
0.04781199351701783
0.04943273905996758
0.04943273905996758
0.050243111831442464
0.050243111831442464
0.059967585089141004
0.059967585089141004
0.060777957860615885
0.060777957860615885
0.06158833063209076
0.06158833063209076
0.06239870340356564
0.06239870340356564
0.06564019448946515
0.06564019448946515
0.06726094003241491
0.06726094003241491
0.07050243111831442
0.07050243111831442
0.07374392220421394
0.07374392220421394
0.08184764991896272
0.08184764991896272
0.08265802269043761
0.08265802269043761
0.08589951377633712
0.08589951377633712
0.09481361426256078
0.09481361426256078
0.09805510534846029
0.09805510534846029
0.1012965964343598
0.1012965964343598
0.10291734197730956
0.10291734197730956
0.10372771474878444
0.10372771474878444
0.10453808752025932
0.10453808752025932
0.1053484602917342
0.1053484602917342
0.10615883306320907
0.10615883306320907
0.11021069692058347
0.11021069692058347
0.11345218800648298
0.11345218800648298
0.11426256077795786
0.11426256077795786
0.12560777957860617
0.12560777957860617
0.12641815235008103
0.12641815235008103
0.1393841166936791
0.1393841166936791
0.15883306320907617
0.15883306320907617
0.15964343598055106
0.15964343598055106
0.16693679092382496
0.16693679092382496
0.17260940032414912
0.17260940032414912
0.17341977309562398
0.17341977309562398
0.17909238249594814
0.17909238249594814
0.1847649918962723
0.1847649918962723
0.1920583468395462
0.1920583468395462
0.19692058346839547
0.19692058346839547
0.19773095623987033
0.19773095623987033
0.21555915721231766
0.21555915721231766
0.24230145867098865
0.24230145867098865
0.25040518638573744
0.25040518638573744
0.273095623987034
0.273095623987034
0.3411669367909238
0.3411669367909238
0.4505672609400324
0.4505672609400324
0.6807131280388979
0.6807131280388979
1.0
