0.0
0.0
0.5813953488372093
0.5813953488372093
0.6046511627906976
0.6046511627906976
0.6976744186046512
0.6976744186046512
0.7209302325581395
0.7209302325581395
0.7441860465116279
0.7441860465116279
0.7674418604651163
0.7674418604651163
0.7906976744186046
0.7906976744186046
0.813953488372093
0.813953488372093
0.8372093023255814
0.8372093023255814
0.8604651162790697
0.8604651162790697
0.9069767441860465
0.9069767441860465
0.9302325581395349
0.9302325581395349
0.9534883720930233
0.9534883720930233
0.9767441860465116
0.9767441860465116
1.0
1.0
