0.0
0.002932551319648094
0.03812316715542522
0.03812316715542522
0.2404692082111437
0.2404692082111437
0.24633431085043989
0.24633431085043989
0.2727272727272727
0.2727272727272727
0.2785923753665689
0.2785923753665689
0.2873900293255132
0.2873900293255132
0.3343108504398827
0.3343108504398827
0.34017595307917886
0.34017595307917886
0.35777126099706746
0.35777126099706746
0.39002932551319647
0.39002932551319647
0.39296187683284456
0.39296187683284456
0.39882697947214074
0.39882697947214074
0.40175953079178883
0.40175953079178883
0.41642228739002934
0.41642228739002934
0.5190615835777126
0.5190615835777126
0.5249266862170088
0.5249266862170088
0.5278592375366569
0.5278592375366569
0.5689149560117303
0.5689149560117303
0.5718475073313783
0.5718475073313783
0.5806451612903226
0.5806451612903226
0.5894428152492669
0.5894428152492669
0.6187683284457478
0.6187683284457478
0.6217008797653959
0.6217008797653959
0.6304985337243402
0.6304985337243402
0.6334310850439883
0.6334310850439883
0.6392961876832844
0.6392961876832844
0.6686217008797654
0.6686217008797654
0.6862170087976539
0.6862170087976539
0.6950146627565983
0.6950146627565983
0.7008797653958945
0.7008797653958945
0.7126099706744868
0.7126099706744868
0.7272727272727273
0.7272727272727273
0.7536656891495601
0.7536656891495601
0.7595307917888563
0.7624633431085044
0.7624633431085044
0.7653958944281525
0.7653958944281525
0.7712609970674487
0.7712609970674487
0.7800586510263929
0.7800586510263929
0.7888563049853372
0.7888563049853372
0.7947214076246334
0.7947214076246334
0.8005865102639296
0.8005865102639296
0.8035190615835777
0.8035190615835777
0.8123167155425219
0.8123167155425219
0.8240469208211144
0.8240469208211144
0.8269794721407625
0.8269794721407625
0.8328445747800587
0.8328445747800587
0.8387096774193549
0.8387096774193549
0.841642228739003
0.841642228739003
0.844574780058651
0.844574780058651
0.8475073313782991
0.8475073313782991
0.8504398826979472
0.8504398826979472
0.8563049853372434
0.8563049853372434
0.8592375366568915
0.8592375366568915
0.8621700879765396
0.8621700879765396
0.8651026392961877
0.8651026392961877
0.8680351906158358
0.8680351906158358
0.8709677419354839
0.8709677419354839
0.873900293255132
0.873900293255132
0.8797653958944281
0.8797653958944281
0.8826979472140762
0.8826979472140762
0.8914956011730205
0.8914956011730205
0.9002932551319648
0.9002932551319648
0.9032258064516129
0.9032258064516129
0.9090909090909091
0.9090909090909091
0.9178885630498533
0.9178885630498533
0.9208211143695014
0.9208211143695014
0.9266862170087976
0.9266862170087976
0.9296187683284457
0.9296187683284457
0.9325513196480938
0.9325513196480938
0.9354838709677419
0.9354838709677419
0.9384164222873901
0.9384164222873901
0.9413489736070382
0.9413489736070382
0.9442815249266863
0.9442815249266863
0.9472140762463344
0.9472140762463344
0.9501466275659824
0.9501466275659824
0.9530791788856305
0.9530791788856305
0.9560117302052786
0.9560117302052786
0.9589442815249267
0.9589442815249267
0.9618768328445748
0.9618768328445748
0.967741935483871
0.967741935483871
0.9765395894428153
0.9765395894428153
0.9794721407624634
0.9794721407624634
0.9824046920821115
0.9824046920821115
0.9853372434017595
0.9853372434017595
0.9882697947214076
0.9882697947214076
0.9912023460410557
0.9912023460410557
0.9941348973607038
0.9941348973607038
0.9970674486803519
0.9970674486803519
1.0
1.0
