0.0
0.0
0.0
0.001557632398753894
0.001557632398753894
0.002336448598130841
0.002336448598130841
0.005451713395638629
0.007009345794392523
0.008566978193146417
0.008566978193146417
0.010124610591900311
0.010124610591900311
0.011682242990654205
0.011682242990654205
0.012461059190031152
0.012461059190031152
0.014018691588785047
0.014018691588785047
0.01557632398753894
0.017133956386292833
0.018691588785046728
0.018691588785046728
0.019470404984423675
0.020249221183800622
0.020249221183800622
0.022585669781931463
0.022585669781931463
0.024143302180685357
0.024143302180685357
0.024922118380062305
0.024922118380062305
0.02570093457943925
0.02570093457943925
0.0264797507788162
0.027258566978193146
0.027258566978193146
0.02881619937694704
0.02881619937694704
0.029595015576323987
0.031931464174454825
0.031931464174454825
0.03271028037383177
0.03426791277258567
0.035046728971962614
0.035046728971962614
0.03582554517133956
0.040498442367601244
0.040498442367601244
0.04127725856697819
0.04127725856697819
0.042834890965732085
0.042834890965732085
0.04439252336448598
0.04439252336448598
0.045950155763239874
0.045950155763239874
0.04750778816199377
0.04984423676012461
0.04984423676012461
0.050623052959501556
0.050623052959501556
0.05218068535825545
0.05218068535825545
0.053738317757009345
0.05685358255451713
0.05685358255451713
0.05841121495327103
0.05841121495327103
0.05996884735202492
0.0630841121495327
0.0630841121495327
0.06386292834890965
0.06386292834890965
0.06542056074766354
0.06542056074766354
0.06619937694704049
0.06619937694704049
0.06853582554517133
0.06853582554517133
0.07009345794392523
0.07009345794392523
0.07165109034267912
0.07165109034267912
0.07242990654205607
0.07242990654205607
0.07320872274143302
0.07320872274143302
0.07554517133956386
0.07554517133956386
0.0778816199376947
0.0778816199376947
0.07866043613707165
0.07866043613707165
0.0794392523364486
0.0794392523364486
0.08099688473520249
0.08099688473520249
0.08255451713395638
0.08489096573208722
0.08489096573208722
0.08644859813084112
0.08644859813084112
0.09034267912772585
0.09190031152647975
0.09190031152647975
0.09813084112149532
0.09813084112149532
0.10202492211838006
0.10202492211838006
0.102803738317757
0.102803738317757
0.1043613707165109
0.1059190031152648
0.11370716510903427
0.11370716510903427
0.11448598130841121
0.11448598130841121
0.11604361370716511
0.11604361370716511
0.11838006230529595
0.12305295950155763
0.12305295950155763
0.12461059190031153
0.12461059190031153
0.12850467289719625
0.12850467289719625
0.13006230529595014
0.13006230529595014
0.13161993769470404
0.13161993769470404
0.13239875389408098
0.13239875389408098
0.13395638629283488
0.13395638629283488
0.13551401869158877
0.13551401869158877
0.1409657320872274
0.1409657320872274
0.14330218068535824
0.14330218068535824
0.14485981308411214
0.14485981308411214
0.14641744548286603
0.6144859813084113
0.6152647975077882
0.6152647975077882
0.6160436137071651
0.6160436137071651
0.6199376947040498
0.6214953271028038
0.6285046728971962
0.6308411214953271
0.6378504672897196
0.6386292834890965
0.6401869158878505
0.6425233644859814
0.6425233644859814
0.6440809968847352
0.647196261682243
0.6510903426791277
0.6510903426791277
0.6627725856697819
0.6627725856697819
0.6643302180685359
0.6643302180685359
0.6666666666666666
0.6666666666666666
0.6682242990654206
0.6682242990654206
0.6690031152647975
0.6690031152647975
0.6752336448598131
0.6752336448598131
0.676791277258567
0.676791277258567
0.6791277258566978
0.6884735202492211
0.7110591900311527
0.7110591900311527
0.7133956386292835
0.7133956386292835
0.7235202492211839
0.7289719626168224
0.735202492211838
0.735202492211838
0.7445482866043613
0.7445482866043613
0.7468847352024922
0.75
0.75
0.7523364485981309
0.7523364485981309
0.7663551401869159
0.7694704049844237
0.7772585669781932
0.7772585669781932
0.7780373831775701
0.7780373831775701
0.7819314641744548
0.7850467289719626
0.7982866043613707
0.8006230529595015
0.807632398753894
0.807632398753894
0.8099688473520249
0.8099688473520249
0.8130841121495327
0.8185358255451713
0.8348909657320872
0.8348909657320872
0.8387850467289719
0.8403426791277259
0.8582554517133957
0.8644859813084113
0.8738317757009346
0.8746105919003115
0.8800623052959502
0.8800623052959502
0.883177570093458
0.8901869158878505
0.9065420560747663
0.9151090342679128
0.9236760124610592
0.9236760124610592
0.92601246105919
0.92601246105919
0.927570093457944
0.9299065420560748
0.9353582554517134
0.9376947040498442
0.9454828660436138
0.9509345794392523
0.9587227414330218
0.9633956386292835
0.9672897196261683
0.9672897196261683
0.9688473520249221
0.9688473520249221
0.969626168224299
0.9750778816199377
0.9813084112149533
0.9844236760124611
0.9875389408099688
0.9922118380062306
0.9968847352024922
0.9984423676012462
1.0
