0.0
0.0
0.0
0.045454545454545456
0.045454545454545456
0.045454545454545456
0.06818181818181818
0.06818181818181818
0.09090909090909091
0.09090909090909091
0.09090909090909091
0.11363636363636363
0.11363636363636363
0.11363636363636363
0.1590909090909091
0.1590909090909091
0.20454545454545456
0.20454545454545456
0.22727272727272727
0.22727272727272727
0.25
0.25
0.2727272727272727
0.2727272727272727
0.29545454545454547
0.29545454545454547
0.3181818181818182
0.3181818181818182
0.3409090909090909
0.3409090909090909
0.36363636363636365
0.36363636363636365
0.38636363636363635
0.38636363636363635
0.8409090909090909
0.8409090909090909
0.8636363636363636
0.8636363636363636
0.8863636363636364
0.8863636363636364
0.9090909090909091
0.9090909090909091
0.9318181818181818
0.9318181818181818
0.9318181818181818
0.9318181818181818
0.9318181818181818
0.9318181818181818
0.9545454545454546
0.9545454545454546
0.9772727272727273
0.9772727272727273
1.0
1.0
1.0
1.0
1.0
1.0
1.0
1.0
1.0
1.0
1.0
1.0
1.0
