ID,RA,DEC,MAG_AUTO_u,MAGERR_AUTO_u,FLUX_RADIUS_u,IQ_u,MAGLIM_2ARC_u,FLAGS_u,A_WORLD_u,ERRA_WORLD_u,B_WORLD_u,ERRB_WORLD_u,THETA_J2000_u,ERRTHETA_J2000_u,ISOAREA_IMAGE_u,MU_MAX_u,MAG_AUTO_r,MAGERR_AUTO_r,FLUX_RADIUS_r,IQ_r,MAGLIM_2ARC_r,FLAGS_r,A_WORLD_r,ERRA_WORLD_r,B_WORLD_r,ERRB_WORLD_r,THETA_J2000_r,ERRTHETA_J2000_r,ISOAREA_IMAGE_r,MU_MAX_r
2270299000001,266.3813336,59.2504088,-99.0,-99.0,-99.0,-99.0,-99.0,-99.0,-99.0,-99.0,-99.0,-99.0,-99.0,-99.0,-99.0,-99.0,18.0594,0.0089,41.616,0.6678,24.386,19.0,0.00187004,1.612577e-5,0.0003856254,3.040756e-6,0.01,-0.18,2865.0,21.1422
2270299000172,265.9191901,59.2505251,-99.0,-99.0,-99.0,-99.0,-99.0,-99.0,-99.0,-99.0,-99.0,-99.0,-99.0,-99.0,-99.0,-99.0,22.1095,0.0867,13.768,0.6678,24.386,1.0,0.000298856,2.772981e-5,5.457315e-5,5.064817e-6,0.59,0.64,46.0,23.1982
2270299000251,266.3339895,59.2508289,-99.0,-99.0,-99.0,-99.0,-99.0,-99.0,-99.0,-99.0,-99.0,-99.0,-99.0,-99.0,-99.0,-99.0,20.178,0.0134,4.165,0.6678,24.386,0.0,0.0002131305,3.046284e-6,0.000190459,2.681044e-6,-80.56,-79.08,344.0,20.7151
2270299000297,266.1644271,59.2533011,-99.0,-99.0,-99.0,-99.0,-99.0,-99.0,-99.0,-99.0,-99.0,-99.0,-99.0,-99.0,-99.0,-99.0,19.9419,0.0144,8.1,0.6678,24.386,3.0,0.0003382526,5.024885e-6,0.0002214562,3.703171e-6,0.52,9.34,401.0,21.723
2270299000310,266.3423064,59.2510085,-99.0,-99.0,-99.0,-99.0,-99.0,-99.0,-99.0,-99.0,-99.0,-99.0,-99.0,-99.0,-99.0,-99.0,21.7557,0.0348,3.363,0.6678,24.386,0.0,0.0001709553,4.998642e-6,0.0001117159,3.266603e-6,9.79,10.63,120.0,22.2535
2270299000320,266.3481894,59.2516972,-99.0,-99.0,-99.0,-99.0,-99.0,-99.0,-99.0,-99.0,-99.0,-99.0,-99.0,-99.0,-99.0,-99.0,21.1233,0.029,6.294,0.6678,24.386,0.0,0.0002773753,7.140004e-6,0.0001720584,4.478903e-6,83.84,82.23,258.0,22.6267
2270299000335,266.2181028,59.2522648,-99.0,-99.0,-99.0,-99.0,-99.0,-99.0,-99.0,-99.0,-99.0,-99.0,-99.0,-99.0,-99.0,-99.0,21.7826,0.0391,4.154,0.6678,24.386,0.0,0.0001820481,6.181416e-6,0.0001419992,4.77713e-6,-36.92,-36.59,139.0,22.4105
2270299000355,266.4182743,59.2540551,-99.0,-99.0,-99.0,-99.0,-99.0,-99.0,-99.0,-99.0,-99.0,-99.0,-99.0,-99.0,-99.0,-99.0,21.153,0.026,5.171,0.6678,24.386,0.0,0.0002957787,6.80981e-6,0.0001235706,2.939629e-6,-19.41,-16.64,216.0,22.1905
2270299000359,266.4265983,59.2517962,-99.0,-99.0,-99.0,-99.0,-99.0,-99.0,-99.0,-99.0,-99.0,-99.0,-99.0,-99.0,-99.0,-99.0,22.4425,0.0613,2.91,0.6678,24.386,0.0,0.000108456,5.508423e-6,0.0001037455,5.152694e-6,53.4,44.46,59.0,22.2945
2270299000370,266.2599742,59.2542753,-99.0,-99.0,-99.0,-99.0,-99.0,-99.0,-99.0,-99.0,-99.0,-99.0,-99.0,-99.0,-99.0,-99.0,21.8897,0.043,6.548,0.6678,24.386,1.0,0.0002901322,1.077845e-5,8.887114e-5,3.728375e-6,4.77,5.61,99.0,23.0835
2270299000379,266.440916,59.2532619,-99.0,-99.0,-99.0,-99.0,-99.0,-99.0,-99.0,-99.0,-99.0,-99.0,-99.0,-99.0,-99.0,-99.0,22.2996,0.0692,4.418,0.6678,24.386,2.0,0.000165498,8.836942e-6,0.0001203031,6.319389e-6,-88.42,-88.35,82.0,23.0851
2270299000385,266.2996009,59.2536546,-99.0,-99.0,-99.0,-99.0,-99.0,-99.0,-99.0,-99.0,-99.0,-99.0,-99.0,-99.0,-99.0,-99.0,22.4705,0.0461,2.078,0.6678,24.386,0.0,0.0001005124,4.346757e-6,8.146797e-5,3.389961e-6,-65.27,-63.12,48.0,21.8661
2270299000388,266.2303043,59.2537743,-99.0,-99.0,-99.0,-99.0,-99.0,-99.0,-99.0,-99.0,-99.0,-99.0,-99.0,-99.0,-99.0,-99.0,22.4793,0.0647,8.945,0.6678,24.386,0.0,9.364098e-5,9.60442e-6,7.049689e-5,6.969804e-6,-72.79,-67.93,19.0,22.5484
2270299000450,265.7694635,59.2512759,-99.0,-99.0,-99.0,-99.0,-99.0,-99.0,-99.0,-99.0,-99.0,-99.0,-99.0,-99.0,-99.0,-99.0,19.6542,0.0093,5.692,0.672,24.381,2.0,0.0002818927,3.006554e-6,0.0002465603,2.528408e-6,47.1,49.72,596.0,20.6301
2270299000456,265.771555,59.2512134,-99.0,-99.0,-99.0,-99.0,-99.0,-99.0,-99.0,-99.0,-99.0,-99.0,-99.0,-99.0,-99.0,-99.0,21.8653,0.0494,4.114,0.672,24.381,3.0,0.0001613048,7.113845e-6,0.0001203341,4.811823e-6,-88.58,-88.72,97.0,22.3848
2270299000513,265.6710059,59.2532269,-99.0,-99.0,-99.0,-99.0,-99.0,-99.0,-99.0,-99.0,-99.0,-99.0,-99.0,-99.0,-99.0,-99.0,18.9335,0.0065,8.726,0.672,24.381,1.0,0.0004076097,2.326281e-6,0.0003156119,1.956381e-6,15.63,22.8,913.0,20.9815
2270299000517,265.6946586,59.2511972,-99.0,-99.0,-99.0,-99.0,-99.0,-99.0,-99.0,-99.0,-99.0,-99.0,-99.0,-99.0,-99.0,-99.0,21.8564,0.0487,3.586,0.672,24.381,3.0,0.000152108,5.496304e-6,0.0001155161,4.122873e-6,12.65,8.93,99.0,22.2077
2270299000527,265.7221782,59.2531481,-99.0,-99.0,-99.0,-99.0,-99.0,-99.0,-99.0,-99.0,-99.0,-99.0,-99.0,-99.0,-99.0,-99.0,21.41,0.0338,6.663,0.672,24.381,1.0,0.0003278921,8.363683e-6,0.000114338,3.246889e-6,-11.4,-13.67,188.0,22.9691
2270299000533,265.6967981,59.2516524,-99.0,-99.0,-99.0,-99.0,-99.0,-99.0,-99.0,-99.0,-99.0,-99.0,-99.0,-99.0,-99.0,-99.0,21.7422,0.0559,5.033,0.672,24.381,3.0,0.0002321788,8.805413e-6,0.0001166534,4.249797e-6,89.4,87.34,122.0,22.3841
2270299000540,265.6496881,59.251512,-99.0,-99.0,-99.0,-99.0,-99.0,-99.0,-99.0,-99.0,-99.0,-99.0,-99.0,-99.0,-99.0,-99.0,22.0521,0.063,4.363,0.672,24.381,0.0,0.0001873772,7.979587e-6,0.0001137333,4.889542e-6,88.69,86.79,106.0,22.8478
2270299000583,265.5055428,59.2534787,-99.0,-99.0,-99.0,-99.0,-99.0,-99.0,-99.0,-99.0,-99.0,-99.0,-99.0,-99.0,-99.0,-99.0,22.4218,0.0686,5.206,0.672,24.381,16.0,0.0002527524,1.446316e-5,9.456249e-5,5.502102e-6,-85.66,-86.3,99.0,23.3099
